+---------------------------------------------------------------------------------------------------------------------------------------------------------------------------------------------------------------------------+
; Legal Partition Candidates                                                                                                                                                                                                ;
+----------------------+-------+----------------+--------------+----------------+--------+-----------------+---------------+-----------------+-------+----------------+--------------+------------------+-------------------+
; Hierarchy            ; Input ; Constant Input ; Unused Input ; Floating Input ; Output ; Constant Output ; Unused Output ; Floating Output ; Bidir ; Constant Bidir ; Unused Bidir ; Input only Bidir ; Output only Bidir ;
+----------------------+-------+----------------+--------------+----------------+--------+-----------------+---------------+-----------------+-------+----------------+--------------+------------------+-------------------+
; ball|counter2        ; 15    ; 18             ; 0            ; 18             ; 6      ; 18              ; 18            ; 18              ; 0     ; 0              ; 0            ; 0                ; 0                 ;
; ball|counter1        ; 55    ; 77             ; 0            ; 77             ; 26     ; 77              ; 77            ; 77              ; 0     ; 0              ; 0            ; 0                ; 0                 ;
; ball                 ; 6     ; 0              ; 0            ; 0              ; 24     ; 0               ; 0             ; 0               ; 0     ; 0              ; 0            ; 0                ; 0                 ;
; game|counter1        ; 55    ; 77             ; 0            ; 77             ; 26     ; 77              ; 77            ; 77              ; 0     ; 0              ; 0            ; 0                ; 0                 ;
; game                 ; 51    ; 0              ; 8            ; 0              ; 13     ; 0               ; 0             ; 0               ; 0     ; 0              ; 0            ; 0                ; 0                 ;
; mov_right|counter_1  ; 55    ; 77             ; 0            ; 77             ; 26     ; 77              ; 77            ; 77              ; 0     ; 0              ; 0            ; 0                ; 0                 ;
; mov_right            ; 13    ; 0              ; 0            ; 0              ; 8      ; 0               ; 0             ; 0               ; 0     ; 0              ; 0            ; 0                ; 0                 ;
; mov_left|counter_1   ; 55    ; 77             ; 0            ; 77             ; 26     ; 77              ; 77            ; 77              ; 0     ; 0              ; 0            ; 0                ; 0                 ;
; mov_left             ; 13    ; 0              ; 0            ; 0              ; 8      ; 0               ; 0             ; 0               ; 0     ; 0              ; 0            ; 0                ; 0                 ;
; bin_to_sseg_pyright  ; 4     ; 0              ; 0            ; 0              ; 7      ; 0               ; 0             ; 0               ; 0     ; 0              ; 0            ; 0                ; 0                 ;
; bin_to_sseg_pyleft   ; 4     ; 0              ; 0            ; 0              ; 7      ; 0               ; 0             ; 0               ; 0     ; 0              ; 0            ; 0                ; 0                 ;
; matrix_led|counter_1 ; 15    ; 17             ; 0            ; 17             ; 6      ; 17              ; 17            ; 17              ; 0     ; 0              ; 0            ; 0                ; 0                 ;
; matrix_led           ; 51    ; 0              ; 0            ; 0              ; 32     ; 0               ; 0             ; 0               ; 0     ; 0              ; 0            ; 0                ; 0                 ;
+----------------------+-------+----------------+--------------+----------------+--------+-----------------+---------------+-----------------+-------+----------------+--------------+------------------+-------------------+
